team_name,matches_played,matches_won,matches_lost,matches_tied,win_percentage,loss_percentage,tie_percentage,total_goals,goals_per_match
Algeria,10,5,1,4,50.0,10.0,40.0,19,1.9
Argentina,18,12,4,2,66.67,22.22,11.11,29,1.61
Australia,18,8,6,4,44.44,33.33,22.22,25,1.39
Austria,16,9,4,3,56.25,25.0,18.75,36,2.25
Belgium,11,4,3,4,36.36,27.27,36.36,20,1.82
Bosnia and Herzegovina,9,0,7,2,0.0,77.78,22.22,6,0.67
Brazil,25,9,9,7,36.0,36.0,28.0,37,1.48
Canada,21,5,7,9,23.81,33.33,42.86,16,0.76
Cape Verde,10,1,3,6,10.0,30.0,60.0,7,0.7
Colombia,29,15,6,8,51.72,20.69,27.59,49,1.69
Croatia,18,8,6,4,44.44,33.33,22.22,26,1.44
Curaçao,6,1,4,1,16.67,66.67,16.67,8,1.33
Czech Republic,6,1,3,2,16.67,50.0,33.33,6,1.0
DR Congo,10,0,4,6,0.0,40.0,60.0,7,0.7
Ecuador,21,5,4,12,23.81,19.05,57.14,14,0.67
Egypt,17,5,5,7,29.41,29.41,41.18,23,1.35
England,11,4,4,3,36.36,36.36,27.27,15,1.36
France,19,11,5,3,57.89,26.32,15.79,31,1.63
Germany,21,10,8,3,47.62,38.1,14.29,42,2.0
Ghana,8,0,7,1,0.0,87.5,12.5,5,0.62
Haiti,6,1,5,0,16.67,83.33,0.0,5,0.83
Iran,11,3,2,6,27.27,18.18,54.55,13,1.18
Iraq,15,4,8,3,26.67,53.33,20.0,12,0.8
Ivory Coast,11,4,3,4,36.36,27.27,36.36,13,1.18
Japan,19,9,5,5,47.37,26.32,26.32,34,1.79
Jordan,20,7,9,4,35.0,45.0,20.0,23,1.15
Mexico,34,13,9,12,38.24,26.47,35.29,44,1.29
Morocco,12,6,2,4,50.0,16.67,33.33,17,1.42
Netherlands,18,5,7,6,27.78,38.89,33.33,33,1.83
New Zealand,13,1,8,4,7.69,61.54,30.77,7,0.54
Norway,11,2,6,3,18.18,54.55,27.27,16,1.45
Panama,19,5,12,2,26.32,63.16,10.53,16,0.84
Paraguay,18,5,8,5,27.78,44.44,27.78,16,0.89
Portugal,15,9,1,5,60.0,6.67,33.33,30,2.0
Qatar,14,5,7,2,35.71,50.0,14.29,16,1.14
Saudi Arabia,21,5,11,5,23.81,52.38,23.81,13,0.62
Scotland,15,3,9,3,20.0,60.0,20.0,14,0.93
Senegal,10,4,3,3,40.0,30.0,30.0,14,1.4
South Africa,11,3,2,6,27.27,18.18,54.55,11,1.0
South Korea,20,10,5,5,50.0,25.0,25.0,29,1.45
Spain,20,11,2,7,55.0,10.0,35.0,45,2.25
Sweden,9,2,6,1,22.22,66.67,11.11,13,1.44
Switzerland,12,4,3,5,33.33,25.0,41.67,24,2.0
Tunisia,13,5,2,6,38.46,15.38,46.15,14,1.08
Turkey,13,5,7,1,38.46,53.85,7.69,16,1.23
United States,33,12,14,7,36.36,42.42,21.21,46,1.39
Uruguay,24,8,6,10,33.33,25.0,41.67,29,1.21
Uzbekistan,15,2,4,9,13.33,26.67,60.0,17,1.13
